Required input parameters
Year= 2020., Month= 07, Day= 04, Hour=1.5,
Time_type = Universal
Coordinate_type = Geographic
Latitude= 18.35, Longitude= 293.24, Height= 100.
Prof. parameters: Start= 100. Stop= 2000. Step= 10.

Optional input parameters:
Sunspot number(Rz12) =not specified
F10.7 radio flux (daily)= not specified
F10.7 radio flux (81-day)= not specified
Ionospheric index(IG12) =not specified
Upper limit for Electron content = not specified
F peak model = URSI
F-peak height = AMTB2013
Ne Topside = NeQuick
foF2 Storm model = on
Bottomside Thickness = ABT-2009
F1 occurrence probability = Scotto-1997 no L
foE Storm model = off
D-Region Ne = IRI-95
Topside Te = BIL-1995
Ion Composition = RBV10/TBT15
NmF2 or foF2 not specified = 0.,
hmF2 or M(3000)F2 not specified = 0.,
NmE or foE not specified = 0.,
Auroral boundary = on
A value of -1 indicates that the parameter is not available for the specified range
TEC=-1, means you have not entered an upper boundary height in the OPTIONAL INPUT section.
   Selected parameters are:
1 Height, km
2 Electron_density_Ne, m-3
3 Ratio_of_Ne_to_NmF2
4 hmF2, km
5 hmF1, km
6 hmE, km
7 hmD, km
8 foF2, MHz
9 foF1, MHz
10 foE, MHz
11 foD, MHz

       1            2      3     4     5     6     7      8      9     10     11
  100.00  0.16812E+10  0.003 311.7  -1.0 110.0  86.8  6.243  0.000  0.372  0.180
  110.00  0.17156E+10  0.004 311.7  -1.0 110.0  86.8  6.243  0.000  0.372  0.180
  120.00  0.10272E+10  0.002 311.7  -1.0 110.0  86.8  6.243  0.000  0.372  0.180
  130.00  0.60440E+09  0.001 311.7  -1.0 110.0  86.8  6.243  0.000  0.372  0.180
  140.00  0.63045E+09  0.001 311.7  -1.0 110.0  86.8  6.243  0.000  0.372  0.180
  150.00  0.98344E+09  0.002 311.7  -1.0 110.0  86.8  6.243  0.000  0.372  0.180
  160.00  0.16280E+10  0.003 311.7  -1.0 110.0  86.8  6.243  0.000  0.372  0.180
  170.00  0.18876E+10  0.004 311.7  -1.0 110.0  86.8  6.243  0.000  0.372  0.180
  180.00  0.21169E+10  0.004 311.7  -1.0 110.0  86.8  6.243  0.000  0.372  0.180
  190.00  0.24002E+10  0.005 311.7  -1.0 110.0  86.8  6.243  0.000  0.372  0.180
  200.00  0.27647E+10  0.006 311.7  -1.0 110.0  86.8  6.243  0.000  0.372  0.180
  210.00  0.32663E+10  0.007 311.7  -1.0 110.0  86.8  6.243  0.000  0.372  0.180
  220.00  0.40673E+10  0.008 311.7  -1.0 110.0  86.8  6.243  0.000  0.372  0.180
  230.00  0.76262E+10  0.016 311.7  -1.0 110.0  86.8  6.243  0.000  0.372  0.180
  240.00  0.23608E+11  0.049 311.7  -1.0 110.0  86.8  6.243  0.000  0.372  0.180
  250.00  0.59280E+11  0.123 311.7  -1.0 110.0  86.8  6.243  0.000  0.372  0.180
  260.00  0.12274E+12  0.254 311.7  -1.0 110.0  86.8  6.243  0.000  0.372  0.180
  270.00  0.21305E+12  0.441 311.7  -1.0 110.0  86.8  6.243  0.000  0.372  0.180
  280.00  0.31543E+12  0.653 311.7  -1.0 110.0  86.8  6.243  0.000  0.372  0.180
  290.00  0.40578E+12  0.840 311.7  -1.0 110.0  86.8  6.243  0.000  0.372  0.180
  300.00  0.46344E+12  0.959 311.7  -1.0 110.0  86.8  6.243  0.000  0.372  0.180
  310.00  0.48298E+12  0.999 311.7  -1.0 110.0  86.8  6.243  0.000  0.372  0.180
  320.00  0.48059E+12  0.994 311.7  -1.0 110.0  86.8  6.243  0.000  0.372  0.180
  330.00  0.47104E+12  0.975 311.7  -1.0 110.0  86.8  6.243  0.000  0.372  0.180
  340.00  0.45592E+12  0.943 311.7  -1.0 110.0  86.8  6.243  0.000  0.372  0.180
  350.00  0.43663E+12  0.904 311.7  -1.0 110.0  86.8  6.243  0.000  0.372  0.180
  360.00  0.41452E+12  0.858 311.7  -1.0 110.0  86.8  6.243  0.000  0.372  0.180
  370.00  0.39074E+12  0.809 311.7  -1.0 110.0  86.8  6.243  0.000  0.372  0.180
  380.00  0.36623E+12  0.758 311.7  -1.0 110.0  86.8  6.243  0.000  0.372  0.180
  390.00  0.34174E+12  0.707 311.7  -1.0 110.0  86.8  6.243  0.000  0.372  0.180
  400.00  0.31781E+12  0.658 311.7  -1.0 110.0  86.8  6.243  0.000  0.372  0.180
  410.00  0.29483E+12  0.610 311.7  -1.0 110.0  86.8  6.243  0.000  0.372  0.180
  420.00  0.27304E+12  0.565 311.7  -1.0 110.0  86.8  6.243  0.000  0.372  0.180
  430.00  0.25258E+12  0.523 311.7  -1.0 110.0  86.8  6.243  0.000  0.372  0.180
  440.00  0.23352E+12  0.483 311.7  -1.0 110.0  86.8  6.243  0.000  0.372  0.180
  450.00  0.21586E+12  0.447 311.7  -1.0 110.0  86.8  6.243  0.000  0.372  0.180
  460.00  0.19958E+12  0.413 311.7  -1.0 110.0  86.8  6.243  0.000  0.372  0.180
  470.00  0.18462E+12  0.382 311.7  -1.0 110.0  86.8  6.243  0.000  0.372  0.180
  480.00  0.17090E+12  0.354 311.7  -1.0 110.0  86.8  6.243  0.000  0.372  0.180
  490.00  0.15834E+12  0.328 311.7  -1.0 110.0  86.8  6.243  0.000  0.372  0.180
  500.00  0.14685E+12  0.304 311.7  -1.0 110.0  86.8  6.243  0.000  0.372  0.180
  510.00  0.13635E+12  0.282 311.7  -1.0 110.0  86.8  6.243  0.000  0.372  0.180
  520.00  0.12675E+12  0.262 311.7  -1.0 110.0  86.8  6.243  0.000  0.372  0.180
  530.00  0.11798E+12  0.244 311.7  -1.0 110.0  86.8  6.243  0.000  0.372  0.180
  540.00  0.10996E+12  0.228 311.7  -1.0 110.0  86.8  6.243  0.000  0.372  0.180
  550.00  0.10262E+12  0.212 311.7  -1.0 110.0  86.8  6.243  0.000  0.372  0.180
  560.00  0.95900E+11  0.198 311.7  -1.0 110.0  86.8  6.243  0.000  0.372  0.180
  570.00  0.89743E+11  0.186 311.7  -1.0 110.0  86.8  6.243  0.000  0.372  0.180
  580.00  0.84096E+11  0.174 311.7  -1.0 110.0  86.8  6.243  0.000  0.372  0.180
  590.00  0.78910E+11  0.163 311.7  -1.0 110.0  86.8  6.243  0.000  0.372  0.180
  600.00  0.74142E+11  0.153 311.7  -1.0 110.0  86.8  6.243  0.000  0.372  0.180
  610.00  0.69754E+11  0.144 311.7  -1.0 110.0  86.8  6.243  0.000  0.372  0.180
  620.00  0.65711E+11  0.136 311.7  -1.0 110.0  86.8  6.243  0.000  0.372  0.180
  630.00  0.61981E+11  0.128 311.7  -1.0 110.0  86.8  6.243  0.000  0.372  0.180
  640.00  0.58535E+11  0.121 311.7  -1.0 110.0  86.8  6.243  0.000  0.372  0.180
  650.00  0.55349E+11  0.115 311.7  -1.0 110.0  86.8  6.243  0.000  0.372  0.180
  660.00  0.52398E+11  0.108 311.7  -1.0 110.0  86.8  6.243  0.000  0.372  0.180
  670.00  0.49662E+11  0.103 311.7  -1.0 110.0  86.8  6.243  0.000  0.372  0.180
  680.00  0.47122E+11  0.098 311.7  -1.0 110.0  86.8  6.243  0.000  0.372  0.180
  690.00  0.44762E+11  0.093 311.7  -1.0 110.0  86.8  6.243  0.000  0.372  0.180
  700.00  0.42566E+11  0.088 311.7  -1.0 110.0  86.8  6.243  0.000  0.372  0.180
  710.00  0.40520E+11  0.084 311.7  -1.0 110.0  86.8  6.243  0.000  0.372  0.180
  720.00  0.38611E+11  0.080 311.7  -1.0 110.0  86.8  6.243  0.000  0.372  0.180
  730.00  0.36830E+11  0.076 311.7  -1.0 110.0  86.8  6.243  0.000  0.372  0.180
  740.00  0.35164E+11  0.073 311.7  -1.0 110.0  86.8  6.243  0.000  0.372  0.180
  750.00  0.33605E+11  0.070 311.7  -1.0 110.0  86.8  6.243  0.000  0.372  0.180
  760.00  0.32144E+11  0.067 311.7  -1.0 110.0  86.8  6.243  0.000  0.372  0.180
  770.00  0.30775E+11  0.064 311.7  -1.0 110.0  86.8  6.243  0.000  0.372  0.180
  780.00  0.29489E+11  0.061 311.7  -1.0 110.0  86.8  6.243  0.000  0.372  0.180
  790.00  0.28281E+11  0.059 311.7  -1.0 110.0  86.8  6.243  0.000  0.372  0.180
  800.00  0.27144E+11  0.056 311.7  -1.0 110.0  86.8  6.243  0.000  0.372  0.180
  810.00  0.26073E+11  0.054 311.7  -1.0 110.0  86.8  6.243  0.000  0.372  0.180
  820.00  0.25065E+11  0.052 311.7  -1.0 110.0  86.8  6.243  0.000  0.372  0.180
  830.00  0.24113E+11  0.050 311.7  -1.0 110.0  86.8  6.243  0.000  0.372  0.180
  840.00  0.23214E+11  0.048 311.7  -1.0 110.0  86.8  6.243  0.000  0.372  0.180
  850.00  0.22365E+11  0.046 311.7  -1.0 110.0  86.8  6.243  0.000  0.372  0.180
  860.00  0.21561E+11  0.045 311.7  -1.0 110.0  86.8  6.243  0.000  0.372  0.180
  870.00  0.20801E+11  0.043 311.7  -1.0 110.0  86.8  6.243  0.000  0.372  0.180
  880.00  0.20080E+11  0.042 311.7  -1.0 110.0  86.8  6.243  0.000  0.372  0.180
  890.00  0.19397E+11  0.040 311.7  -1.0 110.0  86.8  6.243  0.000  0.372  0.180
  900.00  0.18748E+11  0.039 311.7  -1.0 110.0  86.8  6.243  0.000  0.372  0.180
  910.00  0.18132E+11  0.038 311.7  -1.0 110.0  86.8  6.243  0.000  0.372  0.180
  920.00  0.17547E+11  0.036 311.7  -1.0 110.0  86.8  6.243  0.000  0.372  0.180
  930.00  0.16990E+11  0.035 311.7  -1.0 110.0  86.8  6.243  0.000  0.372  0.180
  940.00  0.16460E+11  0.034 311.7  -1.0 110.0  86.8  6.243  0.000  0.372  0.180
  950.00  0.15955E+11  0.033 311.7  -1.0 110.0  86.8  6.243  0.000  0.372  0.180
  960.00  0.15474E+11  0.032 311.7  -1.0 110.0  86.8  6.243  0.000  0.372  0.180
  970.00  0.15015E+11  0.031 311.7  -1.0 110.0  86.8  6.243  0.000  0.372  0.180
  980.00  0.14577E+11  0.030 311.7  -1.0 110.0  86.8  6.243  0.000  0.372  0.180
  990.00  0.14158E+11  0.029 311.7  -1.0 110.0  86.8  6.243  0.000  0.372  0.180
 1000.00  0.13758E+11  0.028 311.7  -1.0 110.0  86.8  6.243  0.000  0.372  0.180
 1010.00  0.13376E+11  0.028 311.7  -1.0 110.0  86.8  6.243  0.000  0.372  0.180
 1020.00  0.13010E+11  0.027 311.7  -1.0 110.0  86.8  6.243  0.000  0.372  0.180
 1030.00  0.12659E+11  0.026 311.7  -1.0 110.0  86.8  6.243  0.000  0.372  0.180
 1040.00  0.12324E+11  0.026 311.7  -1.0 110.0  86.8  6.243  0.000  0.372  0.180
 1050.00  0.12002E+11  0.025 311.7  -1.0 110.0  86.8  6.243  0.000  0.372  0.180
 1060.00  0.11693E+11  0.024 311.7  -1.0 110.0  86.8  6.243  0.000  0.372  0.180
 1070.00  0.11397E+11  0.024 311.7  -1.0 110.0  86.8  6.243  0.000  0.372  0.180
 1080.00  0.11113E+11  0.023 311.7  -1.0 110.0  86.8  6.243  0.000  0.372  0.180
 1090.00  0.10840E+11  0.022 311.7  -1.0 110.0  86.8  6.243  0.000  0.372  0.180
 1100.00  0.10578E+11  0.022 311.7  -1.0 110.0  86.8  6.243  0.000  0.372  0.180
 1110.00  0.10325E+11  0.021 311.7  -1.0 110.0  86.8  6.243  0.000  0.372  0.180
 1120.00  0.10083E+11  0.021 311.7  -1.0 110.0  86.8  6.243  0.000  0.372  0.180
 1130.00  0.98489E+10  0.020 311.7  -1.0 110.0  86.8  6.243  0.000  0.372  0.180
 1140.00  0.96239E+10  0.020 311.7  -1.0 110.0  86.8  6.243  0.000  0.372  0.180
 1150.00  0.94072E+10  0.019 311.7  -1.0 110.0  86.8  6.243  0.000  0.372  0.180
 1160.00  0.91983E+10  0.019 311.7  -1.0 110.0  86.8  6.243  0.000  0.372  0.180
 1170.00  0.89968E+10  0.019 311.7  -1.0 110.0  86.8  6.243  0.000  0.372  0.180
 1180.00  0.88025E+10  0.018 311.7  -1.0 110.0  86.8  6.243  0.000  0.372  0.180
 1190.00  0.86150E+10  0.018 311.7  -1.0 110.0  86.8  6.243  0.000  0.372  0.180
 1200.00  0.84340E+10  0.017 311.7  -1.0 110.0  86.8  6.243  0.000  0.372  0.180
 1210.00  0.82591E+10  0.017 311.7  -1.0 110.0  86.8  6.243  0.000  0.372  0.180
 1220.00  0.80902E+10  0.017 311.7  -1.0 110.0  86.8  6.243  0.000  0.372  0.180
 1230.00  0.79268E+10  0.016 311.7  -1.0 110.0  86.8  6.243  0.000  0.372  0.180
 1240.00  0.77689E+10  0.016 311.7  -1.0 110.0  86.8  6.243  0.000  0.372  0.180
 1250.00  0.76161E+10  0.016 311.7  -1.0 110.0  86.8  6.243  0.000  0.372  0.180
 1260.00  0.74683E+10  0.015 311.7  -1.0 110.0  86.8  6.243  0.000  0.372  0.180
 1270.00  0.73252E+10  0.015 311.7  -1.0 110.0  86.8  6.243  0.000  0.372  0.180
 1280.00  0.71866E+10  0.015 311.7  -1.0 110.0  86.8  6.243  0.000  0.372  0.180
 1290.00  0.70523E+10  0.015 311.7  -1.0 110.0  86.8  6.243  0.000  0.372  0.180
 1300.00  0.69222E+10  0.014 311.7  -1.0 110.0  86.8  6.243  0.000  0.372  0.180
 1310.00  0.67961E+10  0.014 311.7  -1.0 110.0  86.8  6.243  0.000  0.372  0.180
 1320.00  0.66738E+10  0.014 311.7  -1.0 110.0  86.8  6.243  0.000  0.372  0.180
 1330.00  0.65551E+10  0.014 311.7  -1.0 110.0  86.8  6.243  0.000  0.372  0.180
 1340.00  0.64400E+10  0.013 311.7  -1.0 110.0  86.8  6.243  0.000  0.372  0.180
 1350.00  0.63282E+10  0.013 311.7  -1.0 110.0  86.8  6.243  0.000  0.372  0.180
 1360.00  0.62197E+10  0.013 311.7  -1.0 110.0  86.8  6.243  0.000  0.372  0.180
 1370.00  0.61143E+10  0.013 311.7  -1.0 110.0  86.8  6.243  0.000  0.372  0.180
 1380.00  0.60119E+10  0.012 311.7  -1.0 110.0  86.8  6.243  0.000  0.372  0.180
 1390.00  0.59124E+10  0.012 311.7  -1.0 110.0  86.8  6.243  0.000  0.372  0.180
 1400.00  0.58157E+10  0.012 311.7  -1.0 110.0  86.8  6.243  0.000  0.372  0.180
 1410.00  0.57216E+10  0.012 311.7  -1.0 110.0  86.8  6.243  0.000  0.372  0.180
 1420.00  0.56301E+10  0.012 311.7  -1.0 110.0  86.8  6.243  0.000  0.372  0.180
 1430.00  0.55411E+10  0.011 311.7  -1.0 110.0  86.8  6.243  0.000  0.372  0.180
 1440.00  0.54545E+10  0.011 311.7  -1.0 110.0  86.8  6.243  0.000  0.372  0.180
 1450.00  0.53701E+10  0.011 311.7  -1.0 110.0  86.8  6.243  0.000  0.372  0.180
 1460.00  0.52880E+10  0.011 311.7  -1.0 110.0  86.8  6.243  0.000  0.372  0.180
 1470.00  0.52080E+10  0.011 311.7  -1.0 110.0  86.8  6.243  0.000  0.372  0.180
 1480.00  0.51301E+10  0.011 311.7  -1.0 110.0  86.8  6.243  0.000  0.372  0.180
 1490.00  0.50542E+10  0.010 311.7  -1.0 110.0  86.8  6.243  0.000  0.372  0.180
 1500.00  0.49802E+10  0.010 311.7  -1.0 110.0  86.8  6.243  0.000  0.372  0.180
 1510.00  0.49081E+10  0.010 311.7  -1.0 110.0  86.8  6.243  0.000  0.372  0.180
 1520.00  0.48377E+10  0.010 311.7  -1.0 110.0  86.8  6.243  0.000  0.372  0.180
 1530.00  0.47691E+10  0.010 311.7  -1.0 110.0  86.8  6.243  0.000  0.372  0.180
 1540.00  0.47022E+10  0.010 311.7  -1.0 110.0  86.8  6.243  0.000  0.372  0.180
 1550.00  0.46369E+10  0.010 311.7  -1.0 110.0  86.8  6.243  0.000  0.372  0.180
 1560.00  0.45731E+10  0.009 311.7  -1.0 110.0  86.8  6.243  0.000  0.372  0.180
 1570.00  0.45109E+10  0.009 311.7  -1.0 110.0  86.8  6.243  0.000  0.372  0.180
 1580.00  0.44501E+10  0.009 311.7  -1.0 110.0  86.8  6.243  0.000  0.372  0.180
 1590.00  0.43907E+10  0.009 311.7  -1.0 110.0  86.8  6.243  0.000  0.372  0.180
 1600.00  0.43327E+10  0.009 311.7  -1.0 110.0  86.8  6.243  0.000  0.372  0.180
 1610.00  0.42761E+10  0.009 311.7  -1.0 110.0  86.8  6.243  0.000  0.372  0.180
 1620.00  0.42207E+10  0.009 311.7  -1.0 110.0  86.8  6.243  0.000  0.372  0.180
 1630.00  0.41666E+10  0.009 311.7  -1.0 110.0  86.8  6.243  0.000  0.372  0.180
 1640.00  0.41137E+10  0.009 311.7  -1.0 110.0  86.8  6.243  0.000  0.372  0.180
 1650.00  0.40620E+10  0.008 311.7  -1.0 110.0  86.8  6.243  0.000  0.372  0.180
 1660.00  0.40114E+10  0.008 311.7  -1.0 110.0  86.8  6.243  0.000  0.372  0.180
 1670.00  0.39619E+10  0.008 311.7  -1.0 110.0  86.8  6.243  0.000  0.372  0.180
 1680.00  0.39134E+10  0.008 311.7  -1.0 110.0  86.8  6.243  0.000  0.372  0.180
 1690.00  0.38661E+10  0.008 311.7  -1.0 110.0  86.8  6.243  0.000  0.372  0.180
 1700.00  0.38197E+10  0.008 311.7  -1.0 110.0  86.8  6.243  0.000  0.372  0.180
 1710.00  0.37743E+10  0.008 311.7  -1.0 110.0  86.8  6.243  0.000  0.372  0.180
 1720.00  0.37298E+10  0.008 311.7  -1.0 110.0  86.8  6.243  0.000  0.372  0.180
 1730.00  0.36863E+10  0.008 311.7  -1.0 110.0  86.8  6.243  0.000  0.372  0.180
 1740.00  0.36436E+10  0.008 311.7  -1.0 110.0  86.8  6.243  0.000  0.372  0.180
 1750.00  0.36019E+10  0.007 311.7  -1.0 110.0  86.8  6.243  0.000  0.372  0.180
 1760.00  0.35609E+10  0.007 311.7  -1.0 110.0  86.8  6.243  0.000  0.372  0.180
 1770.00  0.35208E+10  0.007 311.7  -1.0 110.0  86.8  6.243  0.000  0.372  0.180
 1780.00  0.34815E+10  0.007 311.7  -1.0 110.0  86.8  6.243  0.000  0.372  0.180
 1790.00  0.34430E+10  0.007 311.7  -1.0 110.0  86.8  6.243  0.000  0.372  0.180
 1800.00  0.34052E+10  0.007 311.7  -1.0 110.0  86.8  6.243  0.000  0.372  0.180
 1810.00  0.33682E+10  0.007 311.7  -1.0 110.0  86.8  6.243  0.000  0.372  0.180
 1820.00  0.33319E+10  0.007 311.7  -1.0 110.0  86.8  6.243  0.000  0.372  0.180
 1830.00  0.32962E+10  0.007 311.7  -1.0 110.0  86.8  6.243  0.000  0.372  0.180
 1840.00  0.32613E+10  0.007 311.7  -1.0 110.0  86.8  6.243  0.000  0.372  0.180
 1850.00  0.32270E+10  0.007 311.7  -1.0 110.0  86.8  6.243  0.000  0.372  0.180
 1860.00  0.31933E+10  0.007 311.7  -1.0 110.0  86.8  6.243  0.000  0.372  0.180
 1870.00  0.31603E+10  0.007 311.7  -1.0 110.0  86.8  6.243  0.000  0.372  0.180
 1880.00  0.31279E+10  0.006 311.7  -1.0 110.0  86.8  6.243  0.000  0.372  0.180
 1890.00  0.30961E+10  0.006 311.7  -1.0 110.0  86.8  6.243  0.000  0.372  0.180
 1900.00  0.30648E+10  0.006 311.7  -1.0 110.0  86.8  6.243  0.000  0.372  0.180
 1910.00  0.30341E+10  0.006 311.7  -1.0 110.0  86.8  6.243  0.000  0.372  0.180
 1920.00  0.30040E+10  0.006 311.7  -1.0 110.0  86.8  6.243  0.000  0.372  0.180
 1930.00  0.29744E+10  0.006 311.7  -1.0 110.0  86.8  6.243  0.000  0.372  0.180
 1940.00  0.29453E+10  0.006 311.7  -1.0 110.0  86.8  6.243  0.000  0.372  0.180
 1950.00  0.29168E+10  0.006 311.7  -1.0 110.0  86.8  6.243  0.000  0.372  0.180
 1960.00  0.28887E+10  0.006 311.7  -1.0 110.0  86.8  6.243  0.000  0.372  0.180
 1970.00  0.28611E+10  0.006 311.7  -1.0 110.0  86.8  6.243  0.000  0.372  0.180
 1980.00  0.28340E+10  0.006 311.7  -1.0 110.0  86.8  6.243  0.000  0.372  0.180
 1990.00  0.28074E+10  0.006 311.7  -1.0 110.0  86.8  6.243  0.000  0.372  0.180
 2000.00  0.27812E+10  0.006 311.7  -1.0 110.0  86.8  6.243  0.000  0.372  0.180